  42.84 465.70 661.05 364.82 523.08 755.56 270.71 308.32   9.31 167.31  17.39 791.32 256.79 885.50 596.58 490.31 191.55 334.47 153.30 168.89
 704.03 655.21 898.47 680.14  71.12 633.24 938.07 263.80 922.40 879.49 799.01 562.62 757.13 860.07 157.28 484.56 533.68 101.99 274.08 444.27
  55.52 255.56 164.10 673.40 978.29 869.81 805.09 862.86 624.87 666.76  28.60 547.62 460.47 760.03 775.11 302.76 521.39 257.52 198.48 526.72
 358.84 307.41 469.95  25.55 395.56 796.82 111.41 291.02   2.21 693.07 153.86 925.86 446.80 295.32 475.35 687.91 413.71 763.76 851.20  96.42
  13.15 788.61 353.01 182.96  67.99 517.84  61.27 964.35 511.97 666.51 489.55 842.54 725.29 276.60 139.76 299.73 498.45 532.29 400.60 280.09
 908.40 785.60 175.74 215.86 314.29 570.31   4.65 912.83  97.28 909.46 112.43 866.87 680.30 534.96 913.28 152.32 742.52 686.33  29.45 396.28
 816.82 229.86 162.44 735.04 796.13   5.14 279.16 480.85 308.99 682.62 476.24  35.76  75.84 635.69  67.53 973.11 241.52   3.07 919.94 667.32
 356.62 869.53 166.11  90.09 181.60 514.41 810.08 255.11 276.91 131.02  99.42 950.68 992.16 393.07 812.16 812.92 448.31 213.30 871.01 141.58
 157.09 996.77  65.43 553.34 591.03 801.11 915.21 447.22 633.42  40.27 426.15  34.68 421.32 125.66 761.27 137.76 529.00 116.40 800.30 185.69
 863.76 118.49 646.08 245.92  33.81 305.48 927.11  63.48 355.32 132.88 375.71 798.71 714.89 401.73  20.35 145.97 305.78 124.11 722.92 409.76
 615.01 329.23 215.24 888.93 252.19 690.36  36.09 891.69 490.25 205.57 117.11 638.18 899.45 443.39 671.18 218.62 554.77 634.60 745.41 384.14
